03001	10	11	12	13	26	28	11
03002	4	9	19	20	21	26	12
03003	1	7	10	23	28	32	16
03004	4	6	7	10	13	25	3
03005	4	6	15	17	30	31	16
03006	1	3	10	21	26	27	6
03007	1	9	19	21	23	26	7
03008	5	8	9	14	17	23	8
03009	5	9	18	20	22	30	9
03010	1	2	8	13	17	24	13
03011	4	5	11	12	30	32	15
03012	2	12	16	17	27	30	12
03013	8	13	17	21	23	32	12
03014	3	5	7	8	21	31	2
03015	4	11	19	25	26	32	13
03016	11	17	28	30	31	33	6
03017	5	8	18	23	25	31	6
03018	5	16	19	20	25	28	13
03019	4	8	12	13	16	33	9
03020	7	10	25	26	27	32	4
03021	14	15	18	25	26	30	1
03022	2	7	11	12	14	32	8
03023	1	10	20	22	26	31	2
03024	2	7	15	17	22	30	14
03025	1	5	11	13	14	27	12
03026	8	13	15	26	29	31	16
03027	1	11	14	17	27	28	15
03028	6	13	16	20	28	32	7
03029	2	7	15	26	29	32	10
03030	2	6	13	14	23	27	7
03031	11	17	20	22	28	32	1
03032	4	11	25	27	29	30	13
03033	1	7	14	20	27	30	10
03034	8	13	14	16	23	25	14
03035	3	4	5	8	10	11	8
03036	7	21	24	25	27	28	15
03037	9	14	17	18	26	32	7
03038	5	7	8	24	25	27	16
03039	3	5	23	24	27	32	3
03040	4	5	6	12	14	23	16
03041	2	3	17	18	24	25	11
03042	3	5	7	10	15	20	7
03043	2	8	10	19	20	32	13
03044	2	5	9	16	32	33	15
03045	3	7	14	15	17	32	3
03046	7	8	10	11	17	26	11
03047	3	17	26	28	32	33	16
03048	10	12	20	28	30	31	9
03049	3	6	7	13	24	25	15
03050	2	8	17	23	24	26	13
03051	4	13	15	17	24	27	1
03052	1	12	13	23	30	31	11
03053	15	19	20	21	28	29	13
03054	2	5	9	21	31	33	12
03055	6	13	16	21	28	31	16
03056	8	17	21	26	28	29	7
03057	18	19	24	25	30	31	16
03058	9	11	16	28	32	33	2
03059	2	3	5	6	18	30	4
03060	2	4	6	17	21	28	11
03061	3	5	20	21	28	32	2
03062	1	6	12	19	20	32	14
03063	5	8	9	14	21	33	11
03064	4	6	8	12	15	30	1
03065	6	15	16	17	30	33	11
03066	3	7	8	20	24	32	14
03067	5	11	12	13	27	31	10
03068	9	19	25	27	32	33	11
03069	7	11	16	19	26	28	11
03070	1	2	4	17	18	19	8
03071	9	11	12	14	15	33	11
03072	3	6	8	11	19	27	11
03073	2	12	14	21	23	30	13
03074	2	12	19	22	27	32	1
03075	16	17	19	22	31	33	11
03076	1	13	16	18	20	29	2
03077	4	12	16	22	24	25	6
03078	7	12	23	26	29	30	11
03079	12	15	22	23	26	31	4
03080	9	20	24	25	28	30	10
03081	1	2	14	26	29	30	7
03082	7	17	18	19	30	31	14
03083	1	3	14	18	26	28	1
03084	2	6	7	10	17	33	3
03085	1	4	11	12	19	27	14
03086	5	12	16	18	26	30	13
03087	2	3	4	5	24	28	13
03088	3	10	21	22	24	33	12
03089	18	19	21	26	27	33	16
04001	1	2	3	7	10	25	7
04002	10	12	18	22	30	31	11
04003	3	5	6	17	26	33	8
04004	10	19	22	23	25	29	9
04005	9	11	13	16	17	18	7
04006	4	12	18	20	23	32	6
04007	4	12	17	20	25	28	9
04008	1	7	10	22	32	33	13
04009	1	9	10	16	22	24	11
04010	6	7	8	13	14	19	15
04011	1	4	13	23	28	30	3
04012	1	7	27	30	31	33	8
04013	12	14	21	29	30	32	13
04014	3	7	11	17	20	26	12
04015	1	3	5	18	22	23	13
04016	4	7	8	28	30	32	5
04017	5	12	14	15	25	31	9
04018	2	5	6	8	28	30	6
04019	5	10	11	23	24	32	4
04020	1	2	9	22	28	31	4
04021	5	9	11	17	26	27	10
04022	3	10	14	19	20	30	6
04023	1	8	14	17	19	30	3
04024	1	13	21	23	25	32	6
04025	7	8	10	24	29	33	4
04026	4	10	14	18	28	32	15
04027	1	5	9	10	18	32	11
04028	1	2	3	5	10	22	12
04029	9	13	20	22	24	32	5
04030	1	7	9	17	26	31	5
04031	3	6	19	20	21	24	11
04032	2	5	8	11	15	31	13
04033	1	4	8	9	19	20	1
04034	2	7	13	20	27	30	14
04035	2	8	26	27	30	32	16
04036	2	13	17	18	26	30	1
04037	3	4	11	17	20	26	5
04038	11	16	17	25	28	29	7
04039	10	16	18	25	26	29	3
04040	7	17	19	20	21	29	11
04041	8	10	17	22	25	29	14
04042	6	10	13	17	18	21	2
04043	4	9	10	21	22	24	10
04044	2	6	7	12	31	32	5
04045	1	12	18	26	27	28	13
04046	7	15	16	22	23	32	14
04047	1	7	8	11	27	31	6
04048	8	9	11	16	17	29	9
04049	11	12	14	16	25	29	9
04050	6	7	19	21	25	29	2
04051	2	3	9	10	15	29	11
04052	1	12	14	15	17	29	9
04053	2	3	4	9	24	25	2
04054	9	11	14	16	27	28	11
04055	6	8	19	25	29	32	7
04056	1	20	21	25	29	30	2
04057	5	21	23	25	28	32	4
04058	1	8	11	12	27	31	12
04059	4	7	11	19	23	26	10
04060	3	5	11	24	27	28	15
04061	13	16	19	20	23	33	9
04062	1	12	25	27	28	29	13
04063	7	10	13	16	27	28	7
04064	14	15	18	20	27	31	4
04065	13	14	27	29	32	33	8
04066	5	13	20	23	24	25	3
04067	1	6	7	13	16	32	4
04068	2	8	11	13	24	31	15
04069	2	11	15	20	22	29	5
04070	10	12	21	22	30	33	6
04071	3	8	16	17	21	29	6
04072	8	15	18	28	30	33	14
04073	2	7	13	16	23	28	16
04074	5	6	15	19	26	29	13
04075	7	18	21	26	27	28	7
04076	3	5	13	17	25	31	7
04077	8	9	10	14	16	26	7
04078	4	5	10	21	24	26	5
04079	7	13	14	17	19	30	3
04080	3	8	20	23	24	26	16
04081	3	5	21	24	27	32	6
04082	3	20	24	27	29	30	15
04083	14	16	27	28	30	33	6
04084	1	4	8	11	21	25	14
04085	3	8	11	29	30	32	1
04086	10	13	18	19	25	27	1
04087	1	3	7	8	25	26	14
04088	2	10	19	22	24	32	14
04089	14	17	20	25	28	30	14
04090	1	18	20	24	32	33	12
04091	9	13	14	21	30	33	1
04092	1	4	8	13	28	31	2
04093	11	14	20	27	32	33	5
04094	5	9	10	13	24	25	8
04095	19	22	27	28	30	32	1
04096	1	4	12	16	20	30	15
04097	10	19	20	26	29	31	14
04098	3	12	13	25	26	31	3
04099	5	10	21	22	26	33	2
04100	6	8	9	14	24	33	15
04101	2	9	14	19	25	26	15
04102	3	9	12	15	28	32	1
04103	2	3	5	9	16	21	2
04104	7	11	17	18	24	29	5
04105	7	9	10	21	23	30	12
04106	10	15	23	26	28	29	12
04107	1	8	12	13	18	20	7
04108	8	13	14	27	28	31	12
04109	6	8	10	17	30	31	14
04110	14	19	20	21	22	31	11
04111	11	16	18	20	26	31	2
04112	9	13	15	21	26	33	6
04113	8	10	23	25	31	32	7
04114	1	6	9	17	21	22	1
04115	2	16	20	30	31	33	1
04116	1	3	5	8	14	33	3
04117	1	3	7	14	24	25	7
04118	3	4	7	12	30	31	15
04119	6	9	18	20	25	33	6
04120	7	8	18	21	27	32	10
04121	7	13	16	18	30	32	10
04122	3	11	14	22	24	31	15
05001	1	7	8	23	27	28	14
05002	6	9	20	26	28	33	14
05003	9	12	15	19	22	31	16
05004	1	4	8	9	22	23	3
05005	5	9	20	26	28	33	15
05006	2	4	5	15	21	31	16
05007	7	15	17	20	23	33	15
05008	11	19	22	27	32	33	11
05009	2	17	22	27	29	31	14
05010	8	10	11	18	25	26	1
05011	9	11	13	15	22	30	15
05012	2	3	6	16	22	31	5
05013	7	8	16	19	20	24	6
05014	13	19	21	23	30	32	5
05015	4	8	9	16	17	29	15
05016	1	5	6	12	16	30	15
05017	2	6	10	25	27	31	3
05018	1	3	6	22	23	25	6
05019	6	11	12	13	19	22	8
05020	14	16	19	20	25	29	5
05021	2	6	24	26	30	31	16
05022	8	10	12	21	32	33	4
05023	10	15	19	20	21	25	12
05024	5	9	14	27	31	32	13
05025	1	7	10	11	13	32	7
05026	6	12	14	20	25	26	7
05027	1	3	4	6	21	32	15
05028	4	9	22	25	26	32	10
05029	2	14	21	22	27	30	14
05030	1	5	9	14	22	28	5
05031	4	10	16	20	23	32	7
05032	5	15	19	20	25	29	3
05033	7	8	12	14	19	20	7
05034	5	17	18	25	28	32	9
05035	12	16	21	28	29	30	14
05036	12	19	20	21	26	31	15
05037	7	12	14	22	24	32	16
05038	4	7	11	20	27	28	16
05039	2	16	18	19	21	29	9
05040	1	12	21	24	30	32	13
05041	2	11	16	23	24	29	3
05042	11	16	21	26	27	30	15
05043	4	5	6	7	8	32	5
05044	1	6	16	17	18	22	9
05045	1	7	10	15	18	20	10
05046	9	16	18	20	22	24	5
05047	2	3	5	7	8	27	15
05048	6	7	8	10	16	28	2
05049	2	3	8	10	25	27	12
05050	2	9	12	20	26	32	13
05051	3	6	14	19	20	21	2
05052	1	2	14	17	30	32	1
05053	4	7	10	14	27	29	9
05054	5	13	17	18	21	29	14
05055	5	20	22	30	32	33	9
05056	12	17	19	27	29	31	9
05057	5	6	10	15	30	31	13
05058	4	6	10	21	25	26	10
05059	7	11	14	18	24	29	7
05060	9	12	21	25	31	33	13
05061	5	9	14	21	23	24	1
05062	2	7	11	12	20	23	7
05063	2	11	13	18	22	30	4
05064	10	18	23	27	30	32	8
05065	12	16	17	21	22	23	16
05066	2	4	10	11	25	28	5
05067	3	12	16	20	21	26	16
05068	1	8	10	13	25	33	13
05069	7	9	21	24	31	33	12
05070	3	4	8	14	16	26	4
05071	4	8	12	14	16	22	10
05072	6	10	19	20	24	33	11
05073	1	6	8	9	18	20	1
05074	6	9	18	20	26	29	9
05075	11	13	14	16	18	31	14
05076	4	9	11	22	25	28	13
05077	8	17	22	24	32	33	16
05078	3	11	15	20	26	32	11
05079	3	9	20	24	25	28	5
05080	1	12	14	26	27	32	16
05081	2	4	10	12	26	30	3
05082	1	7	11	14	19	20	12
05083	3	5	9	14	16	30	13
05084	1	2	7	15	19	20	3
05085	8	9	13	14	20	22	12
05086	7	11	12	24	27	29	12
05087	8	9	15	16	23	26	8
05088	1	3	7	18	20	24	7
05089	5	19	20	23	26	31	12
05090	1	9	21	25	29	32	3
05091	1	11	12	15	26	27	13
05092	8	13	19	26	28	31	10
05093	4	6	17	23	25	29	14
05094	3	5	9	23	27	33	3
05095	9	12	18	21	28	29	5
05096	4	5	17	18	26	33	4
05097	5	10	23	27	28	30	15
05098	12	15	19	22	31	33	1
05099	10	13	16	22	24	31	9
05100	2	4	9	14	16	31	3
05101	9	16	19	21	22	24	12
05102	2	5	6	14	24	31	12
05103	4	7	16	18	23	30	7
05104	2	4	21	23	30	33	9
05105	4	15	23	30	32	33	3
05106	1	11	13	24	26	31	13
05107	9	10	20	24	25	26	11
05108	3	10	12	24	29	30	6
05109	3	5	13	15	17	31	4
05110	7	10	16	19	24	25	9
05111	3	7	15	16	19	29	9
05112	4	12	22	28	29	30	16
05113	15	18	20	22	26	27	3
05114	6	7	10	15	21	27	6
05115	3	12	18	23	30	33	2
05116	4	6	8	14	15	30	10
05117	6	17	22	27	28	32	3
05118	4	9	12	15	26	31	16
05119	1	7	11	18	20	22	2
05120	1	6	13	18	30	32	14
05121	1	7	20	25	31	32	12
05122	1	4	7	14	30	32	9
05123	11	12	13	17	18	25	7
05124	5	6	10	19	31	33	11
05125	6	14	18	28	31	32	3
05126	2	8	13	19	25	26	9
05127	4	6	11	14	23	25	12
05128	2	4	14	23	29	33	15
05129	5	10	14	20	27	33	3
05130	3	5	9	15	20	25	16
05131	2	7	10	11	12	24	3
05132	2	4	10	18	27	29	15
05133	1	7	14	16	18	25	11
05134	4	13	14	18	26	30	1
05135	1	5	13	15	21	25	11
05136	5	14	16	18	25	27	13
05137	3	9	15	23	25	33	12
05138	3	5	6	11	20	22	13
05139	2	7	20	23	32	33	10
05140	4	6	7	8	12	17	7
05141	3	5	8	12	16	19	15
05142	7	10	12	17	22	29	5
05143	3	10	15	17	20	32	8
05144	1	8	14	15	19	27	9
05145	3	7	8	17	20	28	15
05146	7	11	19	20	24	28	2
05147	6	7	15	27	28	30	10
05148	3	15	17	23	24	29	13
05149	11	16	21	23	25	32	7
05150	3	7	10	14	18	20	2
05151	4	11	12	13	19	30	5
05152	1	5	12	14	21	27	3
05153	4	5	7	21	26	29	1
06001	1	12	15	19	21	28	3
06002	7	13	16	21	26	28	9
06003	2	4	5	6	16	20	12
06004	4	8	17	27	28	31	7
06005	3	19	20	24	26	27	11
06006	8	21	22	23	26	32	14
06007	4	16	18	27	32	33	7
06008	3	5	9	18	28	32	16
06009	5	6	8	20	26	30	6
06010	4	6	12	19	27	29	8
06011	5	7	8	14	27	31	11
06012	9	11	13	27	31	33	10
06013	1	5	6	12	16	21	11
06014	6	14	26	29	32	33	7
06015	2	3	9	15	29	32	3
06016	1	7	13	17	23	30	16
06017	3	4	8	31	32	33	2
06018	1	13	14	17	24	26	5
06019	4	6	13	22	26	32	7
06020	5	9	21	23	26	29	6
06021	1	2	5	20	21	22	9
06022	2	3	4	13	16	27	13
06023	4	13	14	19	23	28	8
06024	2	7	9	11	21	27	6
06025	3	4	17	19	24	32	5
06026	1	2	18	22	29	32	3
06027	6	8	11	14	16	27	15
06028	5	7	14	16	17	27	4
06029	3	4	7	9	14	19	8
06030	8	13	15	17	20	32	14
06031	3	10	12	16	31	32	14
06032	5	18	20	24	26	31	9
06033	15	20	22	23	27	31	6
06034	2	10	15	16	17	33	13
06035	3	9	13	21	27	29	13
06036	4	7	10	16	17	21	9
06037	2	12	23	24	25	32	14
06038	2	14	17	19	22	30	10
06039	16	19	22	28	31	32	3
06040	15	22	25	26	28	33	3
06041	3	10	16	18	21	28	4
06042	3	16	23	26	28	31	11
06043	5	12	13	16	23	32	3
06044	2	10	18	21	30	31	5
06045	6	7	10	14	20	21	4
06046	13	18	23	29	31	32	8
06047	2	17	20	22	28	32	3
06048	9	13	19	25	29	32	12
06049	6	10	12	13	17	20	3
06050	2	6	12	15	25	31	7
06051	2	6	7	17	27	30	16
06052	11	24	26	27	30	32	3
06053	1	11	17	27	28	31	2
06054	3	5	7	10	28	30	4
06055	4	5	28	29	31	33	11
06056	11	13	15	21	23	25	8
06057	3	4	17	18	21	31	8
06058	1	12	22	23	24	25	14
06059	5	10	15	17	27	29	11
06060	5	15	19	23	30	32	14
06061	5	13	17	19	25	30	11
06062	18	22	23	24	26	30	1
06063	4	5	15	21	23	24	8
06064	3	12	14	21	24	28	11
06065	4	8	17	28	29	30	13
06066	6	8	11	18	30	33	5
06067	7	8	11	16	17	24	13
06068	3	7	10	14	30	33	10
06069	5	16	20	22	29	30	8
06070	2	3	11	13	20	27	2
06071	5	11	12	19	29	31	1
06072	2	3	5	20	21	24	8
06073	5	13	16	18	27	29	12
06074	1	3	15	19	25	33	4
06075	10	21	22	23	25	33	11
06076	4	10	17	21	29	32	14
06077	8	9	12	13	19	33	9
06078	3	5	17	22	31	33	12
06079	6	11	13	17	20	32	8
06080	15	17	20	22	26	29	9
06081	14	16	18	21	22	32	4
06082	3	13	15	23	28	29	9
06083	7	9	18	19	26	29	10
06084	1	12	17	21	25	28	12
06085	2	6	18	21	24	25	8
06086	4	6	10	24	26	31	6
06087	4	5	8	9	12	30	5
06088	3	11	20	24	25	26	1
06089	1	13	16	18	19	22	1
06090	2	11	15	20	23	29	11
06091	7	8	12	21	22	24	7
06092	2	8	11	16	20	21	14
06093	2	12	16	18	19	23	5
06094	15	16	17	18	24	33	13
06095	1	3	17	20	21	29	16
06096	1	5	9	13	18	33	14
06097	11	14	15	20	26	27	12
06098	6	7	10	11	18	23	16
06099	9	12	18	23	24	27	5
06100	1	11	18	26	30	32	3
06101	9	12	20	26	27	28	16
06102	1	4	13	19	20	24	11
06103	12	14	15	25	28	31	6
06104	3	7	22	27	28	31	11
06105	5	12	14	15	20	31	1
06106	2	12	14	19	28	33	10
06107	1	6	8	13	17	30	7
06108	2	6	8	20	24	30	9
06109	1	5	17	18	23	26	13
06110	9	12	14	18	27	33	13
06111	1	8	11	16	17	22	15
06112	4	9	13	15	31	33	11
06113	5	14	17	18	28	33	2
06114	8	10	14	20	27	29	16
06115	1	10	20	26	28	29	15
06116	5	16	21	22	32	33	9
06117	6	14	20	22	23	26	9
06118	1	3	7	8	10	30	5
06119	1	2	14	20	27	30	2
06120	6	8	14	15	24	33	9
06121	3	4	6	27	31	33	6
06122	4	5	6	8	22	24	3
06123	2	3	20	25	28	32	6
06124	12	13	14	18	31	32	13
06125	15	19	23	30	32	33	6
06126	2	8	13	16	24	33	9
06127	3	4	11	17	19	30	1
06128	4	15	21	30	31	33	5
06129	9	14	18	22	27	29	12
06130	1	12	21	22	30	32	2
06131	3	4	9	22	26	33	1
06132	6	14	22	26	30	33	1
06133	4	6	20	25	29	31	3
06134	10	13	18	26	28	30	12
06135	4	19	21	22	23	31	4
06136	11	15	17	21	22	24	5
06137	10	14	17	21	27	31	9
06138	4	9	11	17	18	26	8
06139	7	8	14	21	23	25	5
06140	1	8	11	18	19	23	5
06141	16	18	22	23	25	31	11
06142	10	16	19	22	26	27	16
06143	1	15	20	29	31	32	8
06144	4	10	13	16	22	29	6
06145	2	7	23	26	28	31	7
06146	3	9	13	23	28	30	5
06147	1	4	15	17	27	31	1
06148	4	8	12	13	23	29	1
06149	2	3	5	11	15	32	15
06150	8	9	12	18	25	27	12
06151	1	3	4	6	16	22	8
06152	1	14	20	25	27	31	15
06153	1	7	11	20	30	33	10
06154	7	14	18	20	30	33	13
07001	2	4	9	10	20	26	14
07002	5	6	14	20	21	22	1
07003	5	9	11	12	22	27	15
07004	3	7	10	13	25	33	10
07005	1	5	6	16	24	30	12
07006	6	10	14	22	26	27	11
07007	4	12	15	17	22	32	14
07008	1	4	5	18	19	25	10
07009	2	4	14	15	25	27	15
07010	3	8	14	17	30	32	5
07011	3	10	15	25	28	33	16
07012	3	5	7	21	26	28	4
07013	5	15	18	27	29	32	5
07014	1	13	16	20	24	26	9
07015	3	4	8	18	22	30	15
07016	1	18	20	22	26	33	5
07017	5	9	10	24	25	32	14
07018	1	12	18	20	21	26	11
07019	4	11	16	23	29	31	14
07020	5	10	16	20	28	31	14
07021	3	6	9	11	25	31	13
07022	2	4	7	10	18	27	10
07023	3	7	13	17	32	33	2
07024	8	9	17	25	27	32	6
07025	3	16	18	22	23	26	3
07026	1	4	14	16	26	29	10
07027	2	3	9	22	24	27	11
07028	3	8	13	20	29	30	11
07029	6	8	9	11	19	21	10
07030	3	16	21	22	27	30	4
07031	4	6	10	12	19	31	1
07032	4	8	16	24	30	32	16
07033	3	4	11	17	18	28	9
07034	2	9	12	14	23	25	16
07035	1	4	8	12	29	31	6
07036	3	14	21	23	30	31	10
07037	10	11	16	23	31	33	16
07038	3	11	14	19	21	30	5
07039	6	7	19	24	27	29	1
07040	13	14	15	19	24	30	10
07041	1	3	9	11	26	31	12
07042	3	13	16	19	32	33	8
07043	3	8	10	11	14	30	5
07044	9	13	20	21	24	32	8
07045	1	12	18	21	28	30	10
07046	2	6	7	9	19	26	14
07047	2	4	16	18	23	30	6
07048	2	11	12	15	17	28	12
07049	4	14	18	19	31	33	2
07050	1	5	8	13	18	25	2
07051	3	14	16	26	27	33	13
07052	2	3	7	8	26	29	7
07053	10	13	16	17	18	27	11
07054	1	3	16	18	23	28	5
07055	2	6	11	22	28	29	2
07056	14	17	21	29	31	32	12
07057	5	11	18	19	20	21	9
07058	7	8	10	13	25	27	7
07059	1	3	4	6	7	29	14
07060	1	2	8	16	19	29	5
07061	1	6	7	11	20	23	5
07062	8	17	20	29	30	33	9
07063	10	15	17	24	26	28	12
07064	2	6	9	16	21	23	16
07065	4	7	19	21	25	31	7
07066	5	11	16	24	32	33	8
07067	6	11	13	17	21	23	11
07068	11	18	19	22	23	28	1
07069	3	4	11	12	14	32	12
07070	6	8	15	17	18	30	12
07071	1	6	14	21	30	31	9
07072	2	4	8	13	14	33	16
07073	5	9	11	19	28	31	2
07074	8	13	15	25	27	28	3
07075	13	16	17	22	30	32	3
07076	6	12	15	16	20	31	2
07077	6	8	14	21	28	29	2
07078	4	6	7	23	25	32	1
07079	3	4	14	20	21	25	14
07080	1	8	16	18	19	29	4
07081	9	14	15	19	24	33	13
07082	5	15	17	18	25	32	15
07083	11	14	18	20	21	26	5
07084	6	10	12	14	20	27	10
07085	2	12	17	19	29	30	12
07086	5	8	14	22	27	29	16
07087	1	3	4	5	8	21	9
07088	2	4	10	28	29	33	6
07089	3	7	8	15	19	28	3
07090	5	11	13	27	30	31	2
07091	2	11	17	30	31	32	7
07092	14	18	22	23	24	33	9
07093	5	10	13	15	19	29	2
07094	3	5	18	19	24	32	2
07095	1	6	8	18	29	32	7
07096	9	10	20	22	30	32	8
07097	4	8	13	18	26	30	11
07098	2	3	5	11	19	20	12
07099	3	4	14	27	31	33	5
07100	8	18	27	29	30	32	6
07101	15	16	18	21	22	30	14
07102	4	6	8	18	20	33	11
07103	7	9	25	27	30	32	1
07104	2	8	12	14	20	32	4
07105	2	7	10	17	23	29	14
07106	12	18	21	24	25	29	8
07107	2	8	9	18	24	28	10
07108	3	7	12	13	20	33	2
07109	1	4	7	8	13	14	4
07110	2	4	7	15	24	28	3
07111	2	9	10	12	13	17	11
07112	7	11	14	16	25	32	11
07113	4	18	23	25	26	31	10
07114	5	12	15	24	27	33	5
07115	1	5	10	16	20	26	2
07116	3	5	7	11	17	27	13
07117	3	7	9	10	26	32	1
07118	4	10	16	18	25	32	15
07119	3	8	11	13	25	31	12
07120	6	7	11	12	18	25	1
07121	3	10	21	22	27	28	6
07122	4	7	19	24	26	32	9
07123	1	13	15	23	28	32	2
07124	3	7	13	16	19	32	16
07125	3	5	18	20	27	33	1
07126	9	10	19	23	26	31	9
07127	6	9	13	16	24	28	11
07128	9	10	19	21	27	31	5
07129	5	7	20	21	22	30	8
07130	3	5	9	11	27	31	4
07131	3	5	7	16	22	27	5
07132	1	9	16	21	22	23	5
07133	3	6	7	11	13	33	10
07134	1	4	10	13	18	25	15
07135	1	11	16	26	31	33	16
07136	1	2	18	21	25	29	14
07137	3	7	8	18	20	22	3
07138	2	3	15	17	19	25	16
07139	6	10	12	14	16	22	6
07140	1	5	16	21	22	26	11
07141	2	3	4	6	17	31	8
07142	11	20	25	26	27	30	8
07143	1	6	22	23	24	26	4
07144	8	14	23	25	28	32	16
07145	8	9	11	12	25	31	11
07146	4	18	22	24	26	30	9
07147	3	7	18	24	26	27	4
07148	3	9	16	17	23	28	7
07149	1	17	19	22	28	30	3
07150	3	5	11	13	19	24	5
07151	1	6	10	11	23	25	2
07152	11	17	21	29	30	33	8
07153	1	4	19	20	25	31	15
08001	2	4	7	9	14	29	3
08002	3	4	18	22	25	29	9
08003	6	8	11	13	17	19	12
08004	4	8	22	23	27	29	8
08005	3	5	15	22	24	25	15
08006	1	14	16	18	22	27	14
08007	1	13	17	22	23	30	11
08008	2	15	16	23	26	27	7
08009	9	21	29	30	31	32	16
08010	3	8	11	17	21	27	9
08011	2	14	17	21	30	32	3
08012	3	4	5	16	20	30	13
08013	2	8	15	16	22	28	10
08014	3	9	11	17	21	31	14
08015	6	8	11	16	29	33	3
08016	3	12	14	21	29	33	13
08017	2	5	7	17	20	22	2
08018	2	5	6	23	26	33	13
08019	2	9	11	17	27	31	5
08020	3	10	13	15	28	30	3
08021	9	12	19	20	26	28	15
08022	12	18	20	24	28	32	5
08023	8	16	18	25	26	32	2
08024	11	20	21	26	28	30	13
08025	8	16	17	18	19	21	14
08026	5	17	19	27	29	32	3
08027	15	18	19	23	24	26	13
08028	1	13	21	26	29	32	10
08029	1	9	14	22	29	32	12
08030	6	15	18	19	20	28	11
08031	3	6	11	15	21	31	13
08032	5	14	16	21	23	28	13
08033	12	17	18	30	31	33	4
08034	3	5	9	11	21	29	9
08035	7	11	14	17	18	29	16
08036	2	6	13	18	23	28	16
08037	1	12	22	24	28	31	6
08038	3	9	10	11	15	19	13
08039	1	7	10	13	22	29	1
08040	6	13	22	25	27	28	9
08041	8	11	20	22	23	27	4
08042	3	4	9	11	12	24	1
08043	3	10	16	22	27	33	14
08044	5	7	9	20	26	29	9
08045	1	10	13	21	29	32	4
08046	15	16	18	24	28	33	15
08047	9	12	13	14	20	22	10
08048	11	18	21	27	30	32	1
08049	3	10	12	13	19	25	4
08050	1	11	19	24	26	27	3
08051	1	4	8	10	13	33	11
08052	2	10	17	23	29	31	10
08053	6	12	19	20	21	27	4
08054	2	6	16	17	20	25	7
08055	11	16	19	23	26	31	4
08056	8	13	22	23	25	30	7
08057	19	20	21	26	28	30	8
08058	1	12	21	27	29	31	11
08059	2	6	15	29	31	32	16
08060	6	7	8	17	30	32	3
08061	1	2	5	12	26	31	6
08062	6	8	13	17	24	27	15
08063	5	9	11	14	16	17	15
08064	1	2	7	9	12	18	12
08065	5	13	15	19	30	31	5
08066	7	12	21	22	29	30	8
08067	10	11	15	19	26	33	13
08068	5	7	17	23	27	29	7
08069	5	8	17	20	26	30	10
08070	5	6	12	15	18	33	13
08071	1	6	21	26	27	28	9
08072	1	5	10	18	22	30	9
08073	1	9	13	22	28	33	8
08074	1	11	15	19	20	24	9
08075	1	8	14	18	22	30	3
08076	2	5	7	11	13	18	11
08077	4	12	22	26	30	33	9
08078	6	13	16	26	30	33	1
08079	3	4	5	10	20	32	9
08080	4	14	22	25	29	32	14
08081	2	12	13	18	25	31	4
08082	4	8	10	12	21	26	9
08083	7	8	9	18	29	32	9
08084	4	7	13	20	29	30	16
08085	1	4	12	20	24	29	15
08086	4	5	10	26	27	30	12
08087	1	7	26	29	30	31	6
08088	1	6	8	16	17	23	5
08089	3	6	11	16	22	27	11
08090	2	7	14	18	19	24	1
08091	3	12	14	23	31	32	10
08092	1	3	18	27	28	30	5
08093	4	10	12	16	26	28	7
08094	1	4	15	16	23	28	14
08095	3	8	14	21	28	29	3
08096	6	8	12	24	27	31	14
08097	3	6	8	9	16	17	13
08098	6	7	10	11	15	30	1
08099	10	15	16	22	23	24	7
08100	8	14	17	21	27	28	14
08101	9	17	21	26	28	30	4
08102	3	7	12	21	25	32	5
08103	1	12	16	18	22	33	4
08104	3	6	8	17	24	31	1
08105	5	17	19	27	28	32	2
08106	14	19	25	27	29	30	15
08107	6	13	18	22	27	32	4
08108	9	10	15	17	23	30	12
08109	4	7	9	16	21	28	10
08110	10	16	22	23	29	31	2
08111	17	18	21	25	31	32	6
08112	5	13	14	19	22	23	6
08113	6	9	10	12	17	22	9
08114	4	9	20	24	25	31	14
08115	2	12	13	14	17	18	6
08116	3	7	21	22	24	29	14
08117	3	5	7	10	14	33	7
08118	4	9	16	27	31	33	1
08119	5	7	9	15	24	29	7
08120	10	11	22	24	26	33	2
08121	2	22	23	27	31	32	6
08122	2	8	11	14	19	26	15
08123	10	11	15	16	25	29	2
08124	1	7	10	13	21	22	3
08125	10	11	12	15	26	29	9
08126	4	11	12	14	20	30	13
08127	5	8	19	22	27	30	13
08128	1	5	19	20	27	33	5
08129	1	3	18	24	25	32	15
08130	1	12	18	28	30	32	6
08131	2	12	15	18	22	32	8
08132	9	13	16	25	27	33	8
08133	8	11	16	19	24	26	11
08134	10	15	19	20	28	32	2
08135	5	14	15	16	19	21	15
08136	5	9	10	12	18	28	2
08137	1	4	24	28	29	33	9
08138	7	14	19	23	25	32	4
08139	8	9	19	23	25	26	7
08140	7	14	16	29	30	31	14
08141	3	13	20	25	29	33	15
08142	5	6	10	13	17	28	15
08143	12	17	18	19	26	27	6
08144	2	5	10	27	29	33	15
08145	7	13	18	22	26	29	2
08146	7	8	17	19	31	32	10
08147	7	8	14	22	26	33	2
08148	3	5	9	22	26	28	9
08149	10	14	22	28	29	33	2
08150	4	19	22	24	29	32	2
08151	6	8	10	14	17	19	6
08152	1	4	6	22	26	30	8
08153	1	4	18	21	24	30	16
08154	2	5	7	21	22	26	8
09001	4	21	23	24	30	31	4
09002	10	14	17	25	29	33	14
09003	2	3	6	15	25	30	2
09004	3	11	13	17	28	31	3
09005	1	3	8	15	17	21	13
09006	6	12	18	20	26	33	2
09007	1	5	12	23	25	26	15
09008	4	15	16	22	32	33	2
09009	8	15	21	30	31	33	2
09010	3	10	17	19	20	24	2
09011	2	4	13	14	18	23	15
09012	5	11	14	17	18	28	1
09013	4	8	9	21	26	27	9
09014	3	6	9	14	15	18	2
09015	2	4	6	15	17	32	5
09016	2	7	13	16	20	33	3
09017	6	14	15	19	25	26	8
09018	2	5	6	19	27	30	15
09019	6	17	19	20	26	27	4
09020	3	5	7	10	19	23	13
09021	1	4	5	17	24	27	9
09022	5	8	9	10	11	18	8
09023	1	6	7	15	24	30	8
09024	1	3	17	23	30	33	12
09025	10	20	22	23	26	33	11
09026	11	15	17	18	20	30	16
09027	2	7	11	16	27	32	6
09028	3	6	12	15	23	26	10
09029	12	13	15	22	23	29	13
09030	8	14	24	26	28	32	7
09031	1	2	3	15	30	33	1
09032	9	11	12	19	27	32	6
09033	7	8	13	14	29	30	6
09034	9	12	18	21	22	26	7
09035	6	15	21	26	29	31	5
09036	6	9	18	23	32	33	7
09037	2	6	15	18	20	31	3
09038	12	13	15	23	28	32	5
09039	5	12	14	15	21	27	3
09040	4	7	10	20	26	30	12
09041	1	8	23	26	28	33	8
09042	8	16	22	23	27	30	11
09043	4	9	10	15	18	26	7
09044	11	14	16	18	26	30	1
09045	3	4	6	23	30	32	1
09046	16	20	21	26	29	30	9
09047	6	8	11	15	21	22	16
09048	3	7	11	15	17	31	1
09049	9	12	14	20	30	31	6
09050	13	21	24	29	30	32	4
09051	6	10	13	16	21	23	7
09052	9	11	15	19	21	30	8
09053	7	12	18	19	22	28	4
09054	16	17	23	26	31	32	11
09055	3	4	18	22	24	29	11
09056	4	9	10	18	29	32	8
09057	5	7	10	14	17	25	11
09058	5	8	10	15	23	26	9
09059	3	7	13	23	27	30	11
09060	7	13	17	26	32	33	4
09061	10	11	13	16	19	30	3
09062	10	19	20	21	23	32	10
09063	2	5	11	26	30	32	16
09064	1	2	14	23	28	29	15
09065	8	12	20	22	30	33	2
09066	2	15	19	24	31	32	4
09067	4	10	16	23	28	30	5
09068	6	11	18	20	25	30	5
09069	3	5	12	18	21	23	2
09070	1	2	9	10	21	31	10
09071	4	5	23	26	31	32	6
09072	1	3	12	20	21	29	4
09073	9	16	17	18	22	27	14
09074	5	10	16	19	23	28	13
09075	1	13	15	17	20	30	5
09076	9	18	19	25	28	31	6
09077	1	9	14	16	28	32	16
09078	5	7	12	14	15	20	13
09079	2	9	16	21	30	31	13
09080	1	11	13	25	32	33	6
09081	4	5	6	25	29	30	3
09082	11	15	18	21	27	29	2
09083	2	8	12	18	24	28	4
09084	4	9	11	20	32	33	13
09085	4	8	12	17	20	30	3
09086	11	12	13	18	23	32	11
09087	6	11	13	20	28	32	6
09088	4	7	11	15	16	17	2
09089	2	3	7	11	19	32	4
09090	7	9	14	20	23	30	14
09091	3	8	11	14	25	29	4
09092	2	6	7	14	18	31	8
09093	1	11	20	31	32	33	1
09094	3	16	22	25	26	33	14
09095	8	9	14	28	31	33	15
09096	1	26	27	31	32	33	3
09097	7	13	24	26	28	32	14
09098	3	14	15	20	23	30	2
09099	8	9	18	20	25	29	9
09100	2	11	17	27	30	33	11
09101	1	2	5	10	19	24	14
09102	3	5	7	8	14	31	10
09103	6	11	17	20	23	24	9
09104	20	22	26	29	30	32	16
09105	2	8	10	16	27	30	15
09106	1	2	15	18	20	29	4
09107	7	8	20	23	28	29	5
09108	4	10	17	28	32	33	2
09109	5	6	7	14	25	28	1
09110	4	10	13	15	19	30	14
09111	2	4	7	14	15	25	15
09112	6	7	18	24	30	32	9
09113	4	12	20	25	28	29	16
09114	3	5	11	12	31	32	11
09115	2	9	13	15	19	24	3
09116	5	17	21	25	27	32	14
09117	5	9	15	21	26	31	13
09118	12	16	25	26	27	31	5
09119	6	7	10	12	15	21	5
09120	1	2	8	12	16	30	16
09121	2	4	6	10	25	30	9
09122	7	14	16	27	29	32	1
09123	9	13	20	22	25	28	14
09124	3	4	22	23	28	30	10
09125	6	7	8	22	26	27	12
09126	3	5	6	10	19	23	15
09127	2	11	12	14	15	16	4
09128	5	8	15	16	26	32	1
09129	6	7	16	17	24	25	7
09130	2	3	7	12	13	30	11
09131	16	23	25	26	32	33	5
09132	4	14	15	21	23	30	7
09133	5	9	13	18	20	32	1
09134	3	5	12	15	28	33	6
09135	1	3	14	19	30	33	16
09136	1	4	14	22	30	33	1
09137	8	12	14	15	17	21	1
09138	4	7	14	26	32	33	14
09139	1	5	15	17	27	29	2
09140	4	5	11	18	22	33	12
09141	2	13	21	28	29	31	9
09142	7	11	15	19	20	24	13
09143	5	9	11	17	23	28	10
09144	1	5	10	17	18	29	12
09145	3	5	11	15	26	33	11
09146	3	9	16	20	22	33	15
09147	6	8	10	18	22	32	16
09148	6	12	15	22	29	32	10
09149	1	3	16	18	22	29	4
09150	4	6	7	16	19	20	4
09151	6	8	10	16	25	30	14
09152	3	4	19	21	27	28	5
09153	6	7	8	20	21	25	10
09154	1	7	12	14	18	25	16
10001	7	17	18	27	29	32	13
10002	3	6	7	23	30	33	13
10003	14	22	26	27	28	31	4
10004	1	12	13	16	23	28	7
10005	3	5	6	8	17	18	14
10006	3	5	7	13	14	18	5
10007	14	22	27	28	30	33	14
10008	5	7	13	15	18	30	14
10009	1	9	13	21	24	32	6
10010	7	8	12	15	22	26	8
10011	7	8	14	22	24	30	7
10012	2	8	13	14	25	33	10
10013	1	2	3	16	18	23	12
10014	1	3	7	14	26	28	2
10015	1	4	16	21	23	28	6
10016	2	8	10	12	30	33	16
10017	1	3	6	11	12	23	11
10018	11	28	29	30	32	33	2
10019	2	10	22	24	26	27	6
10020	5	6	14	22	24	26	9
10021	2	9	16	17	19	25	4
10022	1	2	18	29	31	32	2
10023	2	9	11	22	24	27	11
10024	7	16	26	27	29	31	14
10025	4	5	7	10	13	25	11
10026	2	4	5	8	19	22	12
10027	3	4	15	25	26	30	13
10028	1	3	6	12	16	32	12
10029	1	5	14	16	17	22	3
10030	3	6	10	16	25	31	5
10031	5	7	13	24	25	28	4
10032	8	18	21	28	29	33	8
10033	8	10	11	12	25	29	9
10034	6	11	13	22	25	32	12
10035	9	10	11	18	19	21	10
10036	6	13	14	28	29	30	8
10037	3	16	19	21	24	26	6
10038	1	6	7	11	13	16	1
10039	8	17	21	23	25	32	12
10040	12	19	24	25	30	32	11
10041	3	5	13	19	25	29	12
10042	3	6	11	20	31	32	10
10043	4	10	19	22	28	33	4
10044	3	9	21	23	27	31	5
10045	2	3	4	13	20	29	1
10046	11	12	21	23	27	32	5
10047	3	10	13	20	21	32	15
10048	1	6	8	10	23	33	2
10049	1	6	10	26	27	28	2
10050	7	21	22	26	28	30	11
10051	4	17	23	27	28	32	3
10052	1	2	19	23	27	29	10
10053	3	22	24	27	28	30	14
10054	1	6	8	12	14	25	6
10055	2	3	13	19	20	23	8
10056	1	2	3	8	13	32	7
10057	5	11	12	19	25	32	5
10058	1	4	11	17	19	29	12
10059	1	9	11	12	18	30	10
10060	1	8	15	18	22	27	9
10061	2	4	16	19	22	26	12
10062	11	13	15	20	31	33	3
10063	2	6	10	17	23	24	3
10064	8	14	25	26	30	31	11
10065	2	7	8	17	30	32	12
10066	1	3	21	22	31	32	7
10067	1	7	10	14	21	25	1
10068	3	13	18	20	23	28	13
10069	12	14	20	22	24	32	11
10070	8	13	23	27	31	33	7
10071	5	13	14	17	20	26	1
10072	6	8	22	23	30	31	1
10073	1	16	20	23	27	31	2
10074	2	10	17	18	19	29	15
10075	5	9	12	13	15	22	14
10076	1	12	14	29	31	32	15
10077	2	8	14	20	21	24	9
10078	1	3	9	11	17	23	12
10079	8	11	12	14	18	22	2
10080	8	10	13	14	16	23	16
10081	2	3	9	24	26	27	5
10082	1	8	13	14	27	31	2
10083	2	20	21	22	23	31	12
10084	2	10	14	18	20	30	3
10085	1	8	12	13	24	27	8
10086	5	21	28	29	30	31	8
10087	1	8	16	17	25	30	10
10088	5	6	15	23	27	30	12
10089	7	8	9	16	23	26	1
10090	1	6	10	15	25	31	14
10091	6	13	16	20	22	24	16
10092	3	13	19	27	28	30	2
10093	9	10	19	28	32	33	6
10094	3	5	7	27	31	32	10
10095	9	11	16	17	25	27	14
10096	7	12	21	23	24	28	3
10097	10	16	18	21	24	26	1
10098	1	3	8	16	29	33	7
10099	3	4	17	24	27	30	6
10100	1	6	12	22	23	26	8
10101	4	9	18	21	25	26	6
10102	4	11	16	20	22	29	10
10103	6	9	14	17	20	33	9
10104	7	17	23	24	27	32	2
10105	1	8	9	19	21	31	11
10106	2	6	8	15	26	29	16
10107	8	12	15	17	22	33	16
10108	2	4	8	20	23	24	7
10109	4	15	18	25	29	32	15
10110	1	3	12	24	26	27	1
10111	4	7	8	13	17	18	10
10112	1	8	18	24	29	30	16
10113	5	10	15	18	20	28	10
10114	1	8	11	15	17	25	1
10115	1	22	24	25	29	33	15
10116	5	9	10	20	22	26	7
10117	1	8	20	22	24	28	1
10118	5	8	11	13	15	25	5
10119	7	17	25	27	30	31	9
10120	1	2	5	6	10	29	16
10121	8	11	13	18	25	30	15
10122	2	9	12	16	25	27	6
10123	6	12	15	18	29	32	10
10124	2	6	8	11	12	25	2
10125	6	7	13	23	28	29	9
10126	3	13	18	20	27	28	5
10127	1	4	8	17	25	33	1
10128	4	11	19	20	24	28	12
10129	4	8	14	25	28	32	16
10130	1	2	7	15	21	31	16
10131	5	6	15	16	19	26	6
10132	2	10	12	18	24	33	15
10133	3	9	17	21	26	32	1
10134	9	15	16	22	27	28	6
10135	4	10	13	25	26	30	10
10136	4	10	23	24	26	33	10
10137	7	9	10	13	19	33	6
10138	1	21	23	24	26	30	5
10139	11	13	18	20	26	31	9
10140	1	12	13	18	26	29	15
10141	2	3	7	18	23	27	6
10142	2	16	18	23	26	27	10
10143	9	16	18	26	30	31	14
10144	2	3	8	15	19	21	11
10145	3	21	24	27	28	31	8
10146	1	17	18	22	25	32	1
10147	2	8	15	18	24	30	3
10148	1	3	7	18	23	27	12
10149	2	7	8	16	25	30	9
10150	2	17	18	23	29	30	6
10151	2	13	14	17	19	26	14
10152	4	9	17	21	25	31	1
10153	3	6	12	19	30	31	13
11001	3	9	20	24	26	32	10
11002	6	8	12	17	28	33	5
11003	13	14	21	22	23	27	4
11004	4	6	8	10	13	26	5
11005	6	9	12	14	20	22	13
11006	1	3	5	13	16	18	5
11007	1	9	17	24	26	31	5
11008	10	12	13	17	24	31	15
11009	17	18	23	24	25	26	4
11010	1	4	5	9	15	19	13
11011	1	12	18	19	21	24	10
11012	7	8	11	13	15	26	13
11013	1	3	13	16	21	22	8
11014	5	7	10	11	23	26	16
11015	3	6	13	26	27	29	7
11016	3	4	16	17	22	29	13
11017	2	6	15	23	26	33	8
11018	13	15	18	28	30	33	1
11019	2	4	12	19	32	33	16
11020	12	16	17	19	24	30	5
11021	1	2	14	18	25	31	8
11022	2	7	14	16	17	21	5
11023	2	3	6	21	22	25	5
11024	5	7	10	19	26	31	14
11025	8	25	26	31	32	33	9
11026	7	8	17	19	21	26	12
11027	13	18	21	22	25	26	1
11028	1	4	5	14	16	17	1
11029	1	4	9	10	20	31	7
11030	2	9	19	24	25	33	10
11031	16	17	24	28	29	32	12
11032	3	5	7	13	14	15	15
11033	2	8	12	13	19	29	4
11034	13	14	17	19	24	31	8
11035	13	14	18	20	27	31	2
11036	2	11	20	22	24	31	5
11037	1	3	4	6	17	25	11
11038	2	14	15	19	23	24	12
11039	3	7	10	16	24	29	13
11040	5	11	14	24	26	28	13
11041	4	10	12	13	30	32	13
11042	5	13	15	17	19	21	15
11043	4	13	14	17	25	31	4
11044	3	14	16	26	27	31	9
11045	2	16	17	20	26	32	8
11046	9	17	18	26	29	30	8
11047	4	13	23	25	27	33	14
11048	10	14	18	25	26	27	15
11049	1	11	17	18	27	31	14
11050	4	5	19	22	28	29	15
11051	1	7	11	14	15	16	14
11052	4	5	8	19	27	28	8
11053	3	6	10	12	22	30	15
11054	8	11	16	17	22	33	8
11055	8	13	16	17	29	32	16
11056	13	16	19	20	23	25	10
11057	4	6	20	21	26	33	2
11058	7	18	22	30	32	33	6
11059	24	26	27	29	31	33	16
11060	10	11	13	21	27	31	1
11061	2	3	8	13	19	21	3
11062	4	8	9	10	29	30	3
11063	4	6	13	15	18	19	5
11064	3	6	7	29	30	33	2
11065	4	16	23	25	27	29	3
11066	4	6	14	17	30	32	12
11067	17	19	20	24	25	27	12
11068	3	7	10	15	19	24	10
11069	2	13	16	18	24	30	12
11070	1	3	5	12	21	28	12
11071	1	2	15	22	28	30	2
11072	1	6	10	11	18	27	12
11073	3	4	5	12	17	21	14
11074	2	21	26	28	29	32	1
11075	7	9	10	12	31	32	13
11076	6	19	21	26	32	33	13
11077	1	7	8	15	26	29	10
11078	3	5	13	20	22	29	9
11079	3	14	15	16	24	29	5
11080	2	7	9	25	31	32	9
11081	6	14	19	23	25	32	12
11082	7	16	17	20	25	26	4
11083	7	16	18	24	28	29	6
11084	9	10	12	16	18	32	15
11085	3	6	11	21	24	31	10
11086	6	7	9	12	17	24	9
11087	2	3	4	5	18	28	1
11088	3	9	17	20	21	29	4
11089	1	2	11	24	29	30	12
11090	2	5	14	18	21	25	16
11091	9	15	21	23	28	30	3
11092	5	10	17	26	31	32	4
11093	4	7	11	13	23	30	9
11094	9	11	12	17	18	19	5
11095	3	7	8	10	23	24	5
11096	1	4	7	13	14	19	15
11097	9	17	19	20	21	26	16
11098	3	7	20	21	22	32	5
11099	10	12	13	21	26	27	14
11100	7	11	21	23	31	32	5
11101	6	10	19	23	29	31	6
11102	1	5	13	21	27	31	11
11103	4	5	10	13	15	16	12
11104	9	10	16	20	25	29	9
11105	4	6	23	25	27	28	1
11106	2	11	12	14	24	32	14
11107	4	9	16	17	22	29	15
11108	2	17	22	26	29	33	10
11109	1	3	9	15	16	33	15
11110	12	14	21	26	28	33	12
11111	1	3	5	20	25	27	4
11112	3	5	16	18	23	24	15
11113	6	10	11	25	32	33	5
11114	1	14	15	16	30	32	9
11115	7	8	9	12	17	33	16
11116	1	7	11	12	17	27	5
11117	8	10	19	26	28	30	4
11118	5	6	11	14	20	21	10
11119	9	12	14	19	28	32	1
11120	4	14	17	28	30	33	7
11121	4	14	22	25	32	33	2
11122	10	12	18	26	27	31	3
11123	1	4	5	14	19	28	16
11124	9	18	19	26	31	32	16
11125	3	10	15	24	27	32	8
11126	3	7	13	18	23	26	16
11127	16	19	22	23	27	29	11
11128	9	11	14	17	19	23	12
11129	7	10	11	21	23	26	6
11130	7	14	18	23	25	32	15
11131	2	7	9	17	21	25	1
11132	2	5	12	13	25	33	7
11133	12	14	20	21	25	31	16
11134	1	2	6	7	30	31	10
11135	12	13	17	20	25	26	12
11136	2	4	6	20	22	31	7
11137	2	11	18	23	30	33	13
11138	1	5	15	24	28	32	7
11139	8	20	24	27	30	31	3
11140	4	18	20	22	27	29	6
11141	2	4	6	19	24	29	11
11142	12	15	16	26	29	31	2
11143	7	8	12	14	15	30	16
11144	1	2	9	10	16	24	3
11145	2	4	14	15	26	30	4
11146	11	23	26	28	32	33	10
11147	4	8	12	17	18	30	10
11148	5	14	22	23	25	26	14
11149	4	5	6	7	23	31	16
11150	8	10	12	15	22	27	13
11151	7	11	16	19	31	33	10
11152	4	10	11	12	21	26	13
11153	5	8	9	10	20	25	13
12001	1	4	5	9	15	17	6
12002	2	3	7	9	10	32	13
12003	3	6	8	24	29	31	9
12004	1	5	10	11	21	23	16
12005	7	9	18	27	31	33	6
12006	2	22	25	29	32	33	8
12007	10	17	19	27	28	32	4
12008	1	12	20	23	24	29	8
12009	4	16	24	26	27	33	11
12010	1	3	13	19	25	26	10
12011	4	14	15	16	20	26	5
12012	15	17	18	20	23	27	1
12013	6	8	24	29	30	32	13
12014	1	2	5	16	28	30	12
12015	1	3	6	10	21	23	15
12016	2	5	12	17	22	25	8
12017	6	9	14	19	25	28	10
12018	3	5	6	22	26	32	15
12019	7	14	18	20	22	30	16
12020	3	8	12	18	23	29	11
12021	1	15	16	18	22	30	3
12022	4	8	12	24	26	27	4
12023	5	9	15	23	24	33	2
12024	4	12	19	21	25	28	13
12025	3	8	9	17	25	27	6
12026	3	7	9	15	24	25	16
12027	4	16	22	25	30	31	12
12028	10	15	20	21	28	30	11
12029	4	7	15	25	26	28	3
12030	9	10	17	18	21	31	8
12031	4	16	22	24	27	31	3
12032	1	2	10	17	22	24	4
12033	2	3	15	16	17	27	4
12034	2	3	8	23	32	33	16
12035	9	11	12	21	24	26	5
12036	2	11	13	18	19	26	9
12037	5	14	19	24	28	33	9
12038	9	10	11	15	19	33	16
12039	1	2	5	13	22	29	8
12040	3	8	9	22	25	31	10
12041	8	11	15	20	24	32	2
12042	5	6	11	19	24	28	16
12043	2	9	11	21	26	33	3
12044	6	9	10	14	22	25	3
12045	8	11	20	21	27	30	9
12046	4	12	19	20	23	33	6
12047	6	7	11	16	32	33	11
12048	1	5	14	22	24	30	10
12049	4	12	13	19	20	32	2
12050	7	13	15	17	19	24	11
12051	2	12	14	17	30	31	9
12052	2	3	5	6	20	24	4
12053	4	15	22	25	27	33	4
12054	6	14	18	20	30	33	14
12055	4	6	13	20	24	28	1
12056	4	7	14	17	26	31	10
12057	3	5	19	21	27	31	4
12058	3	6	15	20	25	26	4
12059	4	13	21	22	26	31	1
12060	7	10	13	16	17	29	1
12061	3	8	11	12	14	18	14
12062	2	13	16	17	20	31	7
12063	2	10	17	19	24	27	12
12064	5	10	11	16	23	24	11
12065	8	10	18	19	27	31	14
12066	1	2	9	26	29	33	12
12067	4	5	10	21	26	30	16
12068	5	17	22	26	32	33	10
12069	8	10	11	18	20	29	6
12070	2	3	4	24	31	32	11
12071	3	4	19	21	22	23	8
12072	2	3	7	9	13	30	6
12073	4	7	9	10	17	27	5
12074	15	16	18	19	28	32	8
12075	4	6	22	23	29	32	11
12076	11	18	22	27	29	30	15
12077	2	4	13	18	26	28	12
12078	8	15	22	24	28	33	12
12079	6	7	12	24	30	33	12
12080	4	9	14	15	16	27	3
12081	2	5	10	24	25	29	6
12082	2	4	11	18	22	29	6
12083	4	9	14	15	26	33	4
12084	2	10	20	26	28	29	14
12085	5	17	24	30	31	33	5
12086	8	9	13	15	22	23	8
12087	3	10	11	13	14	22	9
12088	3	5	23	24	27	31	15
12089	3	7	10	13	14	25	11
12090	2	13	20	25	29	30	11
12091	1	5	7	8	19	21	16
12092	6	13	17	18	28	32	3
12093	3	5	19	21	24	33	13
12094	6	9	14	16	23	33	15
12095	17	24	27	28	29	30	2
12096	4	7	11	16	29	33	7
12097	5	8	13	14	19	22	6
12098	2	12	19	26	29	31	9
12099	8	12	15	16	21	27	16
12100	5	7	15	18	25	33	10
12101	9	12	17	18	20	33	2
12102	13	25	27	28	29	30	15
12103	4	9	11	14	32	33	2
12104	4	5	9	10	19	28	3
12105	6	13	14	15	17	30	4
12106	13	14	20	22	23	32	16
12107	11	12	15	24	25	31	9
12108	1	9	12	13	19	28	13
12109	2	12	24	26	29	31	3
12110	3	7	10	13	22	32	9
12111	2	9	10	20	22	31	13
12112	8	15	20	21	27	31	6
12113	3	6	9	13	18	32	6
12114	1	6	11	26	27	29	15
12115	3	8	20	24	26	32	14
12116	3	21	26	29	31	32	3
12117	13	15	18	20	24	28	9
12118	5	6	7	12	15	28	11
12119	12	20	25	26	27	28	13
12120	1	4	20	24	28	29	16
12121	1	7	8	20	23	24	11
12122	12	13	19	22	28	29	11
12123	8	10	16	25	28	33	9
12124	6	7	21	25	27	33	11
12125	8	12	13	26	29	33	1
12126	3	5	12	15	23	24	7
12127	1	9	11	21	26	32	8
12128	5	9	12	29	30	31	5
12129	1	7	9	17	21	29	1
12130	1	3	15	20	22	31	3
12131	6	18	19	26	28	32	12
12132	7	12	16	17	21	25	10
12133	1	8	11	20	21	29	2
12134	2	5	6	7	13	23	15
12135	2	5	7	8	11	17	16
12136	2	7	8	17	21	28	11
12137	1	2	4	6	13	17	7
12138	1	7	16	17	19	21	14
12139	8	19	21	24	28	31	15
12140	14	18	27	30	31	33	15
12141	3	5	8	19	20	27	9
12142	5	18	22	28	29	31	6
12143	7	8	18	25	30	32	6
12144	3	10	12	13	27	30	4
12145	5	20	26	27	28	33	3
12146	1	5	7	13	29	32	13
12147	2	12	15	23	24	32	9
12148	3	6	11	17	21	31	7
12149	1	5	13	25	26	32	13
12150	9	11	17	23	24	26	7
12151	5	14	24	25	26	32	1
12152	10	12	18	22	28	29	7
12153	4	5	11	21	27	28	10
12154	5	7	12	16	28	32	4
13001	6	8	14	15	24	25	6
13002	1	16	18	22	28	30	12
13003	22	23	26	27	28	33	9
13004	6	10	16	20	27	32	8
13005	1	13	14	25	31	32	12
13006	9	10	13	17	22	30	13
13007	2	9	15	22	26	32	1
13008	3	8	17	21	25	32	15
13009	1	4	9	13	16	23	2
13010	1	9	11	17	32	33	12
13011	3	12	17	24	27	29	9
13012	6	14	17	22	28	29	2
13013	5	6	13	19	22	28	9
13014	2	4	5	17	19	20	8
13015	5	6	7	11	13	18	15
13016	2	5	6	12	14	28	5
13017	4	6	12	30	31	32	9
13018	2	8	13	28	29	30	5
13019	1	2	5	16	20	26	6
13020	1	7	8	12	16	21	1
13021	1	6	17	19	26	31	11
13022	2	4	7	9	15	20	7
13023	3	6	15	18	30	32	5
13024	4	5	13	23	27	30	9
13025	16	17	18	24	25	30	8
13026	4	11	14	15	22	31	11
13027	1	2	4	12	21	24	12
13028	7	8	14	25	26	28	13
13029	6	7	10	19	23	29	12
13030	7	14	18	25	26	29	6
13031	3	13	14	15	21	33	3
13032	4	21	25	29	30	33	3
13033	5	6	13	17	19	28	1
13034	6	15	20	22	26	33	9
13035	1	14	15	17	26	30	2
13036	4	5	9	27	29	31	13
13037	2	15	18	27	28	32	14
13038	9	10	12	14	15	19	11
13039	1	2	14	15	24	29	6
13040	2	4	10	12	17	30	10
13041	2	10	12	17	23	24	5
13042	1	8	12	13	15	33	3
13043	3	6	14	15	17	25	16
13044	3	5	11	18	26	28	6
13045	6	7	8	14	23	31	12
13046	3	16	19	20	24	26	6
13047	1	8	11	17	27	30	12
13048	10	13	17	28	30	32	4
13049	10	13	14	16	21	32	14
13050	3	7	13	18	22	25	3
13051	8	12	15	19	28	29	2
13052	6	7	14	21	22	24	13
13053	3	12	13	22	30	33	14
13054	3	4	8	14	21	28	14
13055	8	18	19	22	27	32	6
13056	3	12	25	26	28	29	16
13057	13	16	19	23	26	28	5
13058	8	11	17	21	23	24	5
13059	3	10	18	24	27	29	9
13060	5	7	10	13	19	20	15
13061	5	6	7	12	13	18	12
13062	1	6	7	19	22	27	2
13063	10	15	18	20	23	31	12
13064	1	9	13	22	25	32	12
13065	7	18	19	23	29	30	2
13066	1	3	16	17	20	32	7
13067	1	4	9	15	22	30	6
13068	2	7	13	20	25	27	6
13069	7	16	17	18	30	33	6
13070	2	3	9	10	28	30	6
13071	5	12	21	23	26	28	9
13072	2	8	11	14	19	33	9
13073	2	9	13	17	20	28	11
13074	3	6	8	14	19	32	3
13075	4	6	9	25	30	33	14
13076	14	23	24	26	29	30	3
13077	9	14	23	24	26	29	3
13078	3	5	17	18	26	27	15
13079	7	13	17	19	22	26	13
13080	10	11	12	23	28	32	16
13081	1	4	10	13	21	31	13
13082	4	13	14	20	22	30	6
13083	5	6	12	14	19	23	9
13084	5	7	9	11	20	21	3
13085	2	8	12	14	16	32	16
13086	2	4	11	13	16	26	11
13087	2	13	19	23	24	28	5
13088	9	15	20	21	22	24	14
13089	4	8	12	19	21	25	13
13090	2	5	11	23	24	29	8
13091	4	14	24	25	28	31	10
13092	7	11	15	21	26	31	6
13093	1	2	8	26	29	31	14
13094	2	4	14	18	20	22	7
13095	1	6	15	19	28	29	10
13096	1	2	22	28	29	30	15
13097	5	14	17	22	23	25	7
13098	7	15	18	19	20	26	14
13099	5	11	20	21	26	31	3
13100	4	8	11	14	16	20	11
13101	5	7	9	23	27	32	1
13102	2	4	5	6	8	16	3
13103	2	4	9	13	18	20	7
13104	1	2	4	15	17	28	11
13105	1	11	23	27	31	32	9
13106	9	11	23	30	31	32	6
13107	7	9	11	17	28	31	11
13108	16	21	22	28	31	32	5
13109	9	23	24	27	29	32	8
13110	15	17	18	21	29	32	13
13111	1	2	3	6	8	33	13
13112	1	6	12	13	22	31	7
13113	4	7	11	17	24	33	9
13114	4	6	17	21	23	33	7
13115	3	12	16	17	18	27	8
13116	12	15	21	26	32	33	7
13117	9	12	13	24	27	33	16
13118	2	3	17	22	32	33	16
13119	5	15	20	22	26	32	9
13120	5	6	13	18	23	31	11
13121	4	5	6	7	25	27	7
13122	7	10	13	15	26	27	11
13123	1	2	6	11	17	25	2
13124	3	9	15	23	25	30	7
13125	4	6	8	18	25	28	16
13126	4	10	19	27	31	33	16
13127	2	3	13	20	22	33	14
13128	7	13	17	19	25	31	8
13129	5	6	10	14	27	31	14
13130	1	3	15	16	31	33	8
13131	4	6	12	17	19	26	9
13132	20	21	22	23	25	27	12
13133	4	7	12	19	22	25	1
13134	1	17	18	19	25	29	10
13135	9	23	24	25	29	31	12
13136	4	6	14	16	18	26	6
13137	4	17	19	23	24	27	10
13138	4	15	16	24	27	28	3
13139	7	8	11	13	21	27	8
13140	1	5	12	13	21	22	10
13141	3	4	5	25	30	31	4
13142	11	12	14	20	22	29	14
13143	12	18	21	22	27	32	11
13144	5	7	12	19	27	31	2
13145	6	10	13	16	23	24	15
13146	8	20	25	30	32	33	1
13147	2	15	16	17	19	30	8
13148	6	11	12	14	17	22	1
13149	9	18	25	26	30	32	11
13150	1	15	16	25	26	29	10
13151	3	9	10	19	28	33	9
13152	4	6	14	16	18	29	5
13153	8	11	13	18	28	33	10
13154	7	11	14	19	24	29	5
14001	3	9	15	20	27	29	1
14002	4	21	23	31	32	33	4
14003	6	10	11	28	30	33	12
14004	1	4	19	22	24	25	15
14005	15	18	23	27	32	33	4
14006	3	4	7	17	21	27	14
14007	8	10	12	14	18	28	14
14008	5	14	16	21	29	30	12
14009	8	9	19	20	25	32	16
14010	5	7	8	20	31	33	11
14011	9	10	13	14	21	32	2
14012	1	8	11	19	21	24	8
14013	5	9	13	15	17	21	13
14014	4	9	19	22	25	29	15
14015	2	11	19	30	32	33	9
14016	2	3	7	13	21	24	8
14017	4	6	7	14	25	26	10
14018	13	17	18	21	30	33	15
14019	2	10	15	19	20	21	7
14020	9	14	17	23	24	25	15
14021	8	10	15	17	22	29	12
14022	4	6	7	10	21	26	16
14023	7	9	13	17	21	22	10
14024	8	10	16	20	23	30	9
14025	1	5	10	14	16	30	16
14026	1	2	5	6	11	23	14
14027	8	10	14	16	30	31	1
14028	6	16	21	27	30	32	5
14029	2	7	14	16	21	29	14
14030	12	18	19	23	24	30	10
14031	4	10	16	17	21	27	14
14032	1	2	14	22	29	33	7
14033	5	13	23	28	32	33	12
14034	1	3	4	8	25	31	6
14035	7	8	9	17	32	33	6
14036	1	7	8	9	11	22	3
14037	6	13	14	24	25	30	7
14038	4	7	22	23	24	33	16
14039	3	11	15	19	20	31	7
14040	3	4	6	11	12	15	8
14041	7	11	16	18	21	22	2
14042	12	15	20	25	28	33	14
14043	2	5	9	14	24	33	9
14044	4	9	21	27	28	33	12
14045	2	4	9	11	19	22	15
14046	2	10	11	17	18	22	10
14047	8	10	11	12	19	29	15
14048	6	9	16	17	24	25	16
14049	6	7	16	17	23	32	6
14050	3	17	23	25	26	32	13
14051	10	16	19	21	23	24	13
14052	9	13	15	28	30	33	8
14053	14	17	19	22	26	31	2
14054	1	4	5	11	29	30	14
14055	2	9	14	19	21	30	4
14056	1	11	18	20	28	29	1
14057	2	4	12	18	23	31	8
14058	2	3	12	13	14	25	11
14059	5	8	12	13	23	25	13
14060	3	5	14	18	25	33	6
14061	2	14	17	27	28	31	8
14062	6	9	15	24	25	26	9
14063	3	8	17	21	22	31	16
14064	2	9	15	16	29	32	14
14065	3	4	5	8	10	22	6
14066	2	5	15	17	18	21	16
14067	1	6	7	17	18	23	6
14068	4	12	13	22	27	29	16
14069	5	12	17	19	25	30	11
14070	1	7	9	19	28	29	7
14071	2	4	12	17	22	25	14
14072	1	3	7	13	19	32	16
14073	1	12	16	20	30	33	2
14074	1	3	6	13	30	31	12
14075	3	9	11	22	27	29	6
14076	6	10	12	17	18	33	11
14077	8	9	12	15	19	22	10
14078	2	3	5	6	9	17	7
14079	2	7	16	22	27	28	2
14080	5	14	16	17	25	30	7
14081	8	14	22	24	27	29	10
14082	2	4	20	25	26	29	11
14083	5	6	19	21	23	33	12
14084	1	6	9	10	13	25	8
14085	1	2	11	19	23	29	8
14086	2	4	10	12	14	30	8
14087	6	18	22	23	32	33	6
14088	3	6	11	14	16	29	15
14089	4	6	14	17	27	30	9
14090	5	9	11	19	24	32	13
14091	1	5	12	19	27	29	14
14092	3	13	18	19	22	26	7
14093	2	8	9	10	20	29	5
14094	1	10	18	20	23	29	1
14095	5	6	8	14	22	31	8
14096	12	14	17	19	22	24	8
14097	7	13	24	25	27	32	15
14098	2	13	17	20	29	31	7
14099	1	5	10	11	13	32	14
14100	1	6	9	10	14	16	11
14101	16	18	20	23	24	32	7
14102	14	16	21	24	28	31	13
14103	3	8	9	10	18	33	4
14104	2	6	12	19	27	28	13
14105	14	16	17	19	27	32	4
14106	9	14	17	18	21	25	15
14107	11	14	17	22	25	27	16
14108	3	8	9	20	23	28	2
14109	2	5	11	15	19	28	2
14110	1	8	11	13	19	30	6
14111	2	8	17	20	22	28	2
14112	1	15	16	21	24	30	3
14113	12	14	28	31	32	33	7
14114	2	7	23	30	32	33	10
14115	1	9	10	11	13	32	3
14116	9	10	14	15	19	29	16
14117	5	10	17	25	28	29	4
14118	5	7	15	18	26	30	3
14119	6	13	17	20	26	29	9
14120	1	7	12	16	23	28	4
14121	1	2	13	22	28	30	9
14122	6	9	11	16	20	29	11
14123	1	6	11	17	28	33	5
14124	2	17	20	24	31	33	4
14125	10	11	15	26	31	32	6
14126	6	11	16	17	22	27	1
14127	2	10	12	21	23	27	12
14128	5	7	8	17	18	24	14
14129	5	8	9	20	28	32	2
14130	1	2	10	24	30	33	10
14131	5	17	21	22	28	32	14
14132	5	6	14	15	18	33	8
14133	13	14	16	23	30	31	13
14134	5	16	22	23	26	28	2
14135	2	4	11	13	25	33	1
14136	3	16	19	27	31	32	10
14137	3	6	9	11	25	29	9
14138	4	6	13	29	31	33	13
14139	1	14	15	20	25	29	11
14140	6	10	11	14	17	33	6
14141	8	9	11	16	21	24	10
14142	6	21	22	23	25	28	13
14143	3	12	18	20	25	26	16
14144	3	5	6	9	10	27	14
14145	10	12	13	23	26	29	11
14146	1	6	13	20	29	32	1
14147	6	7	22	26	31	32	10
14148	1	2	5	12	15	16	13
14149	7	9	10	15	19	33	1
14150	3	8	14	22	24	32	9
14151	4	5	8	11	21	27	8
14152	8	13	15	20	21	25	12
15001	1	7	9	16	20	23	6
15002	7	15	16	25	28	32	5
15003	10	15	20	23	24	31	15
15004	2	14	15	16	23	24	10
15005	7	10	16	17	18	32	15
15006	1	10	11	29	31	33	13
15007	1	7	9	17	20	33	8
15008	4	7	10	16	20	22	3
15009	4	7	14	17	21	25	14
15010	1	2	3	8	21	31	9
15011	4	14	15	17	18	20	15
15012	3	5	22	23	29	31	6
15013	8	9	24	25	26	29	1
15014	2	12	16	19	27	30	11
15015	1	7	20	24	25	33	4
15016	2	6	10	15	17	31	13
15017	13	18	20	25	27	33	12
15018	6	9	12	14	28	29	9
15019	2	6	11	19	25	26	4
15020	1	4	7	19	22	23	4
15021	14	15	16	17	27	28	8
15022	4	7	10	16	23	25	10
15023	8	9	10	13	29	30	1
15024	9	11	16	18	23	24	10
15025	10	11	12	15	27	32	14
15026	2	13	17	21	22	33	13
15027	5	7	9	16	26	29	7
15028	4	7	10	26	27	28	14
15029	7	14	15	19	21	28	7
15030	8	11	14	15	16	26	7
15031	1	5	7	22	26	32	11
15032	11	14	16	18	29	32	16
15033	3	6	21	29	31	32	5
15034	12	13	17	18	20	27	13
15035	1	8	9	22	24	33	3
15036	4	6	16	17	26	33	3
15037	5	7	12	18	28	31	3
15038	5	6	11	12	14	33	14
15039	1	13	15	26	29	30	12
15040	13	16	18	27	30	32	16
15041	4	9	11	17	21	25	6
15042	9	10	19	21	23	32	8
15043	11	12	15	24	26	27	15
15044	2	3	4	13	14	16	2
15045	1	5	13	22	30	31	7
15046	5	7	10	14	23	31	1
15047	2	3	20	24	26	27	9
15048	13	16	17	22	25	27	10
15049	7	12	14	17	20	23	5
15050	3	9	12	16	17	31	4
15051	4	10	24	26	28	32	9
15052	2	4	11	16	25	26	12
15053	3	7	17	22	32	33	10
15054	1	2	7	10	22	26	7
15055	1	10	15	18	19	28	2
15056	1	7	8	16	18	20	14
15057	9	20	24	25	26	32	4
15058	2	9	10	18	19	20	15
15059	2	6	9	16	25	32	14
15060	1	3	18	27	31	32	13
15061	6	18	22	26	32	33	4
15062	9	14	15	18	21	26	16
15063	1	7	9	16	22	32	12
15064	11	12	14	17	23	27	1
15065	8	10	14	19	26	29	12
15066	5	8	11	17	24	28	16
15067	2	5	8	24	25	31	14
15068	6	15	18	21	26	27	10
15069	1	13	17	18	23	30	15
15070	1	7	13	19	21	29	15
15071	8	18	20	28	29	31	8
15072	1	3	5	20	21	31	5
15073	1	2	17	22	26	27	4
15074	4	7	21	25	26	29	8
15075	6	11	13	19	21	32	4
15076	1	9	10	19	23	27	9
15077	1	6	8	10	13	27	16
15078	3	7	20	22	26	29	2
15079	9	14	15	20	26	32	11
15080	14	17	25	27	28	30	2
15081	13	20	22	26	28	31	13
15082	2	8	9	14	28	30	7
15083	6	7	16	18	29	32	5
15084	15	18	20	22	28	29	15
15085	2	8	25	27	28	29	5
15086	5	6	8	16	18	22	12
15087	9	15	16	19	20	28	11
15088	2	12	20	24	29	31	9
15089	12	14	19	27	28	29	1
15090	10	12	14	22	25	33	15
15091	5	7	17	19	22	31	11
15092	9	15	19	21	26	27	1
15093	1	3	13	21	25	31	8
15094	1	4	6	13	16	17	10
15095	4	15	21	28	30	31	4
15096	6	16	17	23	24	31	7
15097	9	12	14	20	26	27	4
15098	6	9	13	26	27	33	1
15099	6	7	10	11	14	22	9
15100	2	3	11	17	19	21	8
15101	8	16	22	24	28	29	5
15102	7	9	12	14	21	23	6
15103	6	8	13	26	30	32	14
15104	9	18	21	23	25	26	1
15105	9	10	16	19	20	26	12
15106	1	3	4	23	31	32	13
15107	7	14	16	18	21	25	8
15108	2	12	19	22	24	27	15
15109	1	8	9	16	32	33	13
15110	5	7	16	17	22	23	4
15111	8	14	16	18	20	30	12
15112	1	3	10	19	20	27	11
15113	1	5	7	8	19	27	12
15114	4	7	9	13	21	26	1
15115	1	7	8	14	24	32	3
15116	4	6	15	23	26	28	11
15117	4	11	12	18	26	32	12
15118	1	4	11	21	23	31	12
15119	2	8	10	18	23	31	8
15120	16	21	24	26	27	29	16
15121	1	3	20	21	28	29	12
15122	5	7	11	16	22	25	7
15123	5	8	9	12	22	28	7
15124	2	3	5	12	18	27	1
15125	5	13	22	27	30	33	10
15126	10	11	15	20	23	29	12
15127	7	10	19	22	27	33	6
15128	1	3	8	11	22	28	6
15129	5	8	11	16	18	27	4
15130	6	14	15	16	17	22	10
15131	10	12	13	19	22	26	3
15132	3	5	11	28	30	33	1
15133	2	3	13	20	22	24	15
15134	2	5	14	19	27	31	4
15135	1	12	14	18	26	32	7
15136	2	5	12	23	28	29	1
15137	14	22	23	27	28	31	12
15138	1	2	8	16	19	24	11
15139	1	10	13	18	25	27	9
15140	6	20	28	29	30	31	12
15141	3	8	19	25	27	28	2
15142	13	17	19	20	22	25	11
15143	13	15	19	20	21	32	4
15144	1	4	7	15	28	32	16
15145	7	8	15	19	20	24	13
15146	16	17	21	28	30	32	15
15147	8	9	16	23	24	30	5
15148	9	13	14	22	26	27	7
15149	9	10	20	21	22	33	9
15150	1	3	8	11	29	31	13
15151	5	6	8	23	31	32	11
15152	11	18	19	21	29	32	12
15153	8	11	15	22	27	29	3
15154	7	9	11	15	18	25	7
16001	6	13	16	18	20	22	13
16002	9	14	17	20	24	30	16
16003	1	10	14	23	26	28	1
16004	8	10	17	22	25	33	12
16005	11	14	18	20	31	33	14
16006	13	16	18	20	28	31	12
16007	5	12	14	20	27	29	6
16008	2	15	24	29	32	33	2
16009	10	14	24	25	27	32	4
16010	2	4	12	14	19	25	6
16011	3	8	10	15	22	29	12
16012	7	12	14	16	27	32	15
16013	7	12	21	22	26	31	1
